<?xml version="1.0" encoding="UTF-8"?>

<?import javafx.scene.control.Button?>
<?import javafx.scene.control.Label?>
<?import javafx.scene.control.Slider?>
<?import javafx.scene.control.TextField?>
<?import javafx.scene.image.Image?>
<?import javafx.scene.image.ImageView?>
<?import javafx.scene.layout.AnchorPane?>
<?import javafx.scene.text.Font?>

<AnchorPane prefHeight="720.0" prefWidth="1280.0" xmlns="http://javafx.com/javafx/21" xmlns:fx="http://javafx.com/fxml/1" fx:controller="control.NeuesSpielController">
    <children>
        <ImageView fitHeight="720.0" fitWidth="1280.0" pickOnBounds="true" preserveRatio="true">
            <image>
                <Image url="@../assets/neues-flugzeug.png" />
            </image>
        </ImageView>
        <AnchorPane fx:id="schwierigkeitsAnchPane" layoutX="72.0" layoutY="113.0" prefHeight="401.0" prefWidth="276.0" style="-fx-background-color: rgba(64, 234, 240, 0.7)">
            <children>
                <Label alignment="CENTER" contentDisplay="CENTER" layoutY="-16.0" style="-fx-font-size: 16px; -fx-text-fill: #FFFFFF; -fx-background-color: linear-gradient(from 0% 0% to 100% 100%, rgba(162, 222, 208, 0.3), rgba(14, 141, 128, 0.3)), linear-gradient(from 0% 0% to 100% 100%, rgba(162, 222, 208, 0.3), rgba(14, 141, 128, 0.3)), linear-gradient(from 0% 0% to 100% 100%, rgba(14, 141, 128, 0.3), rgba(162, 222, 208, 0.3)), linear-gradient(from 0% 0% to 100% 100%, rgba(14, 141, 128, 0.3), rgba(162, 222, 208, 0.3)); -fx-border-color: #1B4D3E; -fx-border-width: 2; -fx-padding: 10 20 10 20; -fx-background-insets: 0,1,2,3; -fx-border-insets: 0; -fx-border-radius: 8; -fx-background-radius: 8,7,6,5; -fx-font-weight: bold; -fx-font-size: 14; -fx-text-fill: #000000; -fx-effect: dropshadow( one-pass-box , rgba(0,0,0,0.6) , 5, 0.0 , 0 , 1 );" text="Bitte wähle den Schwierigkeitsgrad">
                    <font>
                        <Font size="20.0" />
                    </font>
                </Label>
                <Label fx:id="schwierigkeitsLabel" layoutX="20.0" layoutY="200.0" prefHeight="44.0" prefWidth="235.0" style="-fx-background-color: linear-gradient(from 0% 0% to 100% 100%, rgba(162, 222, 208, 0.3), rgba(14, 141, 128, 0.3)), linear-gradient(from 0% 0% to 100% 100%, rgba(162, 222, 208, 0.3), rgba(14, 141, 128, 0.3)), linear-gradient(from 0% 0% to 100% 100%, rgba(14, 141, 128, 0.3), rgba(162, 222, 208, 0.3)), linear-gradient(from 0% 0% to 100% 100%, rgba(14, 141, 128, 0.3), rgba(162, 222, 208, 0.3)); -fx-border-color: #1B4D3E; -fx-border-width: 2; -fx-padding: 10 20 10 20; -fx-background-insets: 0,1,2,3; -fx-border-insets: 0; -fx-border-radius: 8; -fx-background-radius: 8,7,6,5; -fx-font-weight: bold; -fx-font-size: 14; -fx-text-fill: #000000; -fx-effect: dropshadow( one-pass-box , rgba(0,0,0,0.6) , 5, 0.0 , 0 , 1 );" visible="true" />
                <Slider fx:id="schwierigkeitsSlider" layoutX="46.0" layoutY="116.0" majorTickUnit="1" max="3" min="1" minorTickCount="0" prefHeight="42.0" prefWidth="184.0" showTickLabels="true" showTickMarks="true" snapToTicks="true" style="-fx-background-color: linear-gradient(from 0% 0% to 100% 100%, rgba(162, 222, 208, 0.3), rgba(14, 141, 128, 0.3)), linear-gradient(from 0% 0% to 100% 100%, rgba(162, 222, 208, 0.3), rgba(14, 141, 128, 0.3)), linear-gradient(from 0% 0% to 100% 100%, rgba(14, 141, 128, 0.3), rgba(162, 222, 208, 0.3)), linear-gradient(from 0% 0% to 100% 100%, rgba(14, 141, 128, 0.3), rgba(162, 222, 208, 0.3)); -fx-border-color: #1B4D3E; -fx-border-width: 2; -fx-padding: 10 20 10 20; -fx-background-insets: 0,1,2,3; -fx-border-insets: 0; -fx-border-radius: 8; -fx-background-radius: 8,7,6,5; -fx-font-weight: bold; -fx-font-size: 14; -fx-text-fill: #000000; -fx-effect: dropshadow( one-pass-box , rgba(0,0,0,0.6) , 5, 0.0 , 0 , 1 );" value="2" />
                <Button fx:id="fortfahrenButton1" layoutX="58.0" layoutY="281.0" mnemonicParsing="false" onAction="#handleFortfahren" prefHeight="44.0" prefWidth="160.0" style="-fx-background-color: linear-gradient(from 0% 0% to 100% 100%, rgba(162, 222, 208, 0.3), rgba(14, 141, 128, 0.3)), linear-gradient(from 0% 0% to 100% 100%, rgba(162, 222, 208, 0.3), rgba(14, 141, 128, 0.3)), linear-gradient(from 0% 0% to 100% 100%, rgba(14, 141, 128, 0.3), rgba(162, 222, 208, 0.3)), linear-gradient(from 0% 0% to 100% 100%, rgba(14, 141, 128, 0.3), rgba(162, 222, 208, 0.3)); -fx-border-color: #1B4D3E; -fx-border-width: 2; -fx-padding: 10 20 10 20; -fx-background-insets: 0,1,2,3; -fx-border-insets: 0; -fx-border-radius: 8; -fx-background-radius: 8,7,6,5; -fx-font-weight: bold; -fx-font-size: 14; -fx-text-fill: #000000; -fx-effect: dropshadow( one-pass-box , rgba(0,0,0,0.6) , 5, 0.0 , 0 , 1 );" text="Fortfahren" />
                <Button fx:id="zurueckButton" layoutX="58.0" layoutY="342.0" mnemonicParsing="false" onMouseClicked="#handleZurueck" prefHeight="44.0" prefWidth="160.0" style="-fx-background-color: linear-gradient(from 0% 0% to 100% 100%, rgba(162, 222, 208, 0.3), rgba(14, 141, 128, 0.3)), linear-gradient(from 0% 0% to 100% 100%, rgba(162, 222, 208, 0.3), rgba(14, 141, 128, 0.3)), linear-gradient(from 0% 0% to 100% 100%, rgba(14, 141, 128, 0.3), rgba(162, 222, 208, 0.3)), linear-gradient(from 0% 0% to 100% 100%, rgba(14, 141, 128, 0.3), rgba(162, 222, 208, 0.3)); -fx-border-color: #1B4D3E; -fx-border-width: 2; -fx-padding: 10 20 10 20; -fx-background-insets: 0,1,2,3; -fx-border-insets: 0; -fx-border-radius: 8; -fx-background-radius: 8,7,6,5; -fx-font-weight: bold; -fx-font-size: 14; -fx-text-fill: #000000; -fx-effect: dropshadow( one-pass-box , rgba(0,0,0,0.6) , 5, 0.0 , 0 , 1 );" text="Zurück" />
            </children>
        </AnchorPane>
      <AnchorPane fx:id="spielNameAnchPane" layoutX="82.0" layoutY="123.0" prefHeight="401.0" prefWidth="276.0" style="-fx-background-color: rgba(64, 234, 240, 0.7)" visible="false">
         <children>
            <Label alignment="CENTER" contentDisplay="CENTER" layoutY="-16.0" style="-fx-font-size: 16px; -fx-text-fill: #FFFFFF; -fx-background-color: linear-gradient(from 0% 0% to 100% 100%, rgba(162, 222, 208, 0.3), rgba(14, 141, 128, 0.3)), linear-gradient(from 0% 0% to 100% 100%, rgba(162, 222, 208, 0.3), rgba(14, 141, 128, 0.3)), linear-gradient(from 0% 0% to 100% 100%, rgba(14, 141, 128, 0.3), rgba(162, 222, 208, 0.3)), linear-gradient(from 0% 0% to 100% 100%, rgba(14, 141, 128, 0.3), rgba(162, 222, 208, 0.3)); -fx-border-color: #1B4D3E; -fx-border-width: 2; -fx-padding: 10 20 10 20; -fx-background-insets: 0,1,2,3; -fx-border-insets: 0; -fx-border-radius: 8; -fx-background-radius: 8,7,6,5; -fx-font-weight: bold; -fx-font-size: 14; -fx-text-fill: #000000; -fx-effect: dropshadow( one-pass-box , rgba(0,0,0,0.6) , 5, 0.0 , 0 , 1 );" text="Bitte gib den Spielnamen ein">
               <font>
                  <Font size="20.0" />
               </font>
            </Label>
             <Button fx:id="fortfahrenButton2" layoutX="58.0" layoutY="281.0" mnemonicParsing="false" onAction="#handleFortfahren" prefHeight="44.0" prefWidth="160.0" style="-fx-background-color: #A2DED0; -fx-border-color: #1B4D3E; -fx-border-width: 2; -fx-padding: 10 20 10 20; -fx-border-radius: 8; -fx-background-radius: 8; -fx-font-weight: bold; -fx-font-size: 14; -fx-text-fill: #000000;" text="Fortfahren" />
             <Button fx:id="zurueckButtonAlt" layoutX="58.0" layoutY="342.0" mnemonicParsing="false" onMouseClicked="#handleZurueck" prefHeight="44.0" prefWidth="160.0" style="-fx-background-color: #A2DED0; -fx-border-color: #1B4D3E; -fx-border-width: 2; -fx-padding: 10 20 10 20; -fx-border-radius: 8; -fx-background-radius: 8; -fx-font-weight: bold; -fx-font-size: 14; -fx-text-fill: #000000;" text="Zurück" />
             <TextField fx:id="spielNameText" layoutX="16.0" layoutY="71.0" prefHeight="44.0" prefWidth="235.0" style="-fx-background-color: #A2DED0; -fx-border-color: #1B4D3E; -fx-border-width: 2; -fx-padding: 10 20 10 20; -fx-border-radius: 8; -fx-background-radius: 8; -fx-font-weight: bold; -fx-font-size: 14; -fx-text-fill: #000000;" />
         </children>
      </AnchorPane>
    </children>
</AnchorPane>
